"3,0,115,53,7,0,0,0,0,2,0,1,"						1	1	1																																				
"3,-36,117,32,28,0,0,0,0,2,1,5,"				1	1	1																																						
"3,36,117,32,97,0,0,0,0,6,0,2,"		1	1				1																																					
"3,-29,119,29,(int8_t)136,1,0,0,0,5,1,3,"	1				1												1																											
"3,29,119,29,32,6,0,0,0,4,0,6,"			1												1	1																												
"3,-14,126,0,16,24,0,0,0,9,2,5,"				1									1	1																														
"3,14,126,0,64,40,0,0,0,6,2,9,"		1										1		1																														
"3,-56,113,0,0,(int8_t)193,0,0,0,5,3,8,"										1	1						1																											
"3,56,113,0,0,4,3,0,0,7,4,6,"															1										1	1																		
"7,0,0,-127,0,(int8_t)176,30,0,0,6,9,5,8,10,11,7,"										1		1	1									1	1	1	1																			
"4,-19,-123,24,(int8_t)128,64,48,0,0,8,3,1,10,"	1										1										1	1																						
"4,0,-124,24,2,0,104,0,0,1,0,11,10,"							1													1	1		1																					
"4,19,-123,24,0,2,69,0,0,11,0,4,7,"																1				1				1		1																		
"4,0,0,-126,0,0,(int8_t)128,7,0,16,15,14,17,"																			1														1	1	1									
"4,0,0,-126,0,0,0,120,0,18,13,12,19,"																													1	1	1	1												
"3,0,0,-127,0,0,0,(int8_t)128,3,24,22,23,"																												1															1	1
"3,0,0,-127,0,0,0,0,28,26,25,27,"																																								1	1	1		
