
Vertices:
<Vector (0.6592, 0.7786, 0.6541)>
<Vector (0.5000, 0.5000, -0.8926)>
<Vector (0.9140, 0.2243, 0.6217)>
<Vector (0.5000, -0.5000, -0.8926)>
<Vector (-0.3408, 0.7786, 0.6541)>
<Vector (-0.5000, 0.5000, -0.8926)>
<Vector (-0.0860, 0.2243, 0.6217)>
<Vector (-0.5000, -0.5000, -0.8926)>
<Vector (0.6879, 0.7038, -0.1330)>
<Vector (-0.5605, -0.4809, -0.1438)>
<Vector (0.7728, -0.4809, -0.1438)>
<Vector (-0.6454, 0.7038, -0.1330)>
<Vector (0.6667, 0.6667, -0.5974)>
<Vector (0.6667, -0.6667, -0.5974)>
<Vector (-0.6667, 0.6667, -0.5974)>
<Vector (-0.6667, -0.6667, -0.5974)>
<Vector (-0.6096, -0.0000, -0.9161)>
<Vector (0.0000, 0.6096, -0.9161)>
<Vector (0.6381, 0.6381, -0.7750)>
<Vector (-0.3378, -0.1127, 0.2908)>
<Vector (0.6381, -0.6381, -0.7750)>
<Vector (-0.6381, 0.6381, -0.7750)>
<Vector (0.4759, 0.2231, 0.6852)>
<Vector (0.9171, 0.5381, 0.7066)>
<Vector (-0.0000, -0.2547, -0.9161)>
<Vector (-0.3020, 0.5381, 0.7066)>
<Vector (0.1392, 0.8531, 0.7280)>
<Vector (0.6096, -0.0000, -0.9161)>
<Vector (0.7117, 0.7668, 0.3196)>
<Vector (-0.6534, -0.6435, -0.4201)>
<Vector (0.9384, -0.1127, 0.2908)>
<Vector (-0.5645, 0.7668, 0.3196)>
<Vector (0.0053, 0.9260, -0.1310)>
<Vector (0.9804, 0.1114, -0.1384)>
<Vector (-0.8530, 0.1114, -0.1384)>
<Vector (0.1221, -0.7031, -0.1458)>
<Vector (0.6693, 0.6713, -0.4188)>
<Vector (0.6799, -0.6435, -0.4201)>
<Vector (-0.6640, 0.6713, -0.4188)>
<Vector (-0.6381, -0.6381, -0.7750)>
<Vector (0.0000, -0.9167, -0.5974)>
<Vector (-0.9167, 0.0000, -0.5974)>
<Vector (0.9167, 0.0000, -0.5974)>
<Vector (-0.0000, 0.9167, -0.5974)>
<Vector (0.3515, 0.6150, 0.8508)>
<Vector (0.3479, -0.2694, 0.2918)>
<Vector (-0.6891, 0.3307, 0.3119)>
<Vector (0.0000, 0.0000, -0.9655)>
<Vector (1.0671, 0.3307, 0.3119)>
<Vector (0.0302, 0.9308, 0.3321)>
<Vector (0.0007, 0.9178, -0.4185)>
<Vector (0.9246, 0.0139, -0.4194)>
<Vector (-0.9087, 0.0139, -0.4194)>
<Vector (0.0153, -0.8900, -0.4204)>
<Vector (0.0000, -0.8781, -0.7773)>
<Vector (-0.8781, -0.0000, -0.7773)>
<Vector (0.8781, 0.0000, -0.7773)>
<Vector (-0.0000, 0.8781, -0.7773)>
<Vector (-0.6096, -0.1927, -1.5051)>
<Vector (-0.5000, -0.6927, -1.4815)>
<Vector (0.6381, -0.8308, -1.3639)>
<Vector (0.5000, -0.6927, -1.4815)>
<Vector (0.6096, -0.1927, -1.5051)>
<Vector (-0.6381, -0.8308, -1.3639)>
<Vector (-0.8781, -0.1927, -1.3662)>
<Vector (0.8781, -0.1927, -1.3662)>
<Vector (-0.7686, -0.9804, 0.1737)>
<Vector (-0.5459, -0.6121, 0.6082)>
<Vector (-0.0860, -1.2025, 0.1716)>
<Vector (0.1398, -0.7689, 0.6092)>
<Vector (3.1418, -0.5840, 0.2288)>
<Vector (2.9762, -0.9523, -0.2058)>
<Vector (3.1838, -0.3599, -0.2004)>
<Vector (3.2705, -0.1407, 0.2500)>
<Vector (2.5414, -1.1044, -0.4354)>
<Vector (2.5282, -1.1276, -0.6127)>
<Vector (2.7782, -0.4609, -0.6127)>
<Vector (2.7861, -0.4470, -0.4347)>
<Vector (-1.7027, 0.3151, -0.1222)>
<Vector (-1.4951, 0.9075, -0.1168)>
<Vector (-1.5137, 0.8750, -0.4025)>
<Vector (-1.7584, 0.2176, -0.4032)>
<Vector (-1.4867, 0.6785, 1.0752)>
<Vector (-1.5254, 0.9190, 1.0227)>
<Vector (-1.7492, 0.9072, 0.6882)>
<Vector (-1.8737, 0.4711, 0.6806)>

Edges:
(5, 16)
(16, 7)
(1, 17)
(17, 5)
(12, 18)
(18, 1)
(9, 19)
(19, 6)
(13, 20)
(20, 3)
(14, 21)
(21, 5)
(2, 22)
(22, 6)
(0, 23)
(23, 2)
(7, 24)
(24, 3)
(6, 25)
(25, 4)
(4, 26)
(26, 0)
(3, 27)
(27, 1)
(0, 28)
(28, 8)
(15, 29)
(29, 9)
(2, 30)
(30, 10)
(4, 31)
(31, 11)
(11, 32)
(32, 8)
(8, 33)
(33, 10)
(9, 34)
(34, 11)
(10, 35)
(35, 9)
(8, 36)
(36, 12)
(10, 37)
(37, 13)
(11, 38)
(38, 14)
(7, 39)
(39, 15)
(13, 40)
(40, 15)
(15, 41)
(41, 14)
(12, 42)
(42, 13)
(14, 43)
(43, 12)
(26, 44)
(25, 44)
(22, 44)
(23, 44)
(30, 45)
(22, 45)
(19, 45)
(35, 45)
(19, 46)
(25, 46)
(31, 46)
(34, 46)
(17, 47)
(27, 47)
(24, 47)
(16, 47)
(28, 48)
(23, 48)
(30, 48)
(33, 48)
(31, 49)
(26, 49)
(28, 49)
(32, 49)
(38, 50)
(32, 50)
(36, 50)
(43, 50)
(36, 51)
(33, 51)
(37, 51)
(42, 51)
(29, 52)
(34, 52)
(38, 52)
(41, 52)
(37, 53)
(35, 53)
(29, 53)
(40, 53)
(20, 54)
(40, 54)
(39, 54)
(24, 54)
(39, 55)
(41, 55)
(21, 55)
(16, 55)
(18, 56)
(42, 56)
(20, 56)
(27, 56)
(21, 57)
(43, 57)
(18, 57)
(17, 57)
(58, 59)
(60, 61)
(61, 62)
(59, 63)
(63, 64)
(58, 64)
(60, 65)
(62, 65)
(16, 58)
(64, 55)
(39, 63)
(59, 7)
(27, 62)
(61, 3)
(60, 20)
(65, 56)
(66, 67)
(68, 66)
(67, 69)
(68, 69)
(19, 67)
(69, 45)
(68, 35)
(9, 66)
(70, 71)
(72, 71)
(70, 73)
(72, 73)
(33, 72)
(71, 10)
(48, 73)
(70, 30)
(74, 75)
(76, 75)
(74, 77)
(76, 77)
(13, 75)
(74, 37)
(51, 77)
(76, 42)
(78, 79)
(79, 80)
(78, 81)
(80, 81)
(11, 79)
(78, 34)
(52, 81)
(80, 38)
(82, 83)
(83, 84)
(82, 85)
(84, 85)
(25, 82)
(85, 46)
(4, 83)
(31, 84)


//**************************************************************************8

Vertices:
<Vector (0.6592, 0.7786, 0.6541)>
<Vector (0.5000, 0.5000, -0.8926)>
<Vector (0.9140, 0.2243, 0.6217)>
<Vector (0.5000, -0.5000, -0.8926)>
<Vector (-0.3408, 0.7786, 0.6541)>
<Vector (-0.5000, 0.5000, -0.8926)>
<Vector (-0.0860, 0.2243, 0.6217)>
<Vector (-0.5000, -0.5000, -0.8926)>
<Vector (0.6879, 0.7038, -0.1330)>
<Vector (-0.5605, -0.4809, -0.1438)>
<Vector (0.7728, -0.4809, -0.1438)>
<Vector (-0.6454, 0.7038, -0.1330)>
<Vector (0.6667, 0.6667, -0.5974)>
<Vector (0.6667, -0.6667, -0.5974)>
<Vector (-0.6667, 0.6667, -0.5974)>
<Vector (-0.6667, -0.6667, -0.5974)>
<Vector (-0.6096, -0.0000, -0.9161)>
<Vector (0.0000, 0.6096, -0.9161)>
<Vector (0.6381, 0.6381, -0.7750)>
<Vector (-0.3378, -0.1127, 0.2908)>
<Vector (0.6381, -0.6381, -0.7750)>
<Vector (-0.6381, 0.6381, -0.7750)>
<Vector (0.4759, 0.2231, 0.6852)>
<Vector (0.9171, 0.5381, 0.7066)>
<Vector (-0.0000, -0.2547, -0.9161)>
<Vector (-0.3020, 0.5381, 0.7066)>
<Vector (0.1392, 0.8531, 0.7280)>
<Vector (0.6096, -0.0000, -0.9161)>
<Vector (0.7117, 0.7668, 0.3196)>
<Vector (-0.6534, -0.6435, -0.4201)>
<Vector (0.9384, -0.1127, 0.2908)>
<Vector (-0.5645, 0.7668, 0.3196)>
<Vector (0.0053, 0.9260, -0.1310)>
<Vector (0.9804, 0.1114, -0.1384)>
<Vector (-0.8530, 0.1114, -0.1384)>
<Vector (0.1221, -0.7031, -0.1458)>
<Vector (0.6693, 0.6713, -0.4188)>
<Vector (0.6799, -0.6435, -0.4201)>
<Vector (-0.6640, 0.6713, -0.4188)>
<Vector (-0.6381, -0.6381, -0.7750)>
<Vector (0.0000, -0.9167, -0.5974)>
<Vector (-0.9167, 0.0000, -0.5974)>
<Vector (0.9167, 0.0000, -0.5974)>
<Vector (-0.0000, 0.9167, -0.5974)>
<Vector (0.3515, 0.6150, 0.8508)>
<Vector (0.3479, -0.2694, 0.2918)>
<Vector (-0.6891, 0.3307, 0.3119)>
<Vector (0.0000, 0.0000, -0.9655)>
<Vector (1.0671, 0.3307, 0.3119)>
<Vector (0.0302, 0.9308, 0.3321)>
<Vector (0.0007, 0.9178, -0.4185)>
<Vector (0.9246, 0.0139, -0.4194)>
<Vector (-0.9087, 0.0139, -0.4194)>
<Vector (0.0153, -0.8900, -0.4204)>
<Vector (0.0000, -0.8781, -0.7773)>
<Vector (-0.8781, -0.0000, -0.7773)>
<Vector (0.8781, 0.0000, -0.7773)>
<Vector (-0.0000, 0.8781, -0.7773)>
<Vector (-0.6096, -0.1927, -1.5051)>
<Vector (-0.5000, -0.6927, -1.4815)>
<Vector (0.6381, -0.8308, -1.3639)>
<Vector (0.5000, -0.6927, -1.4815)>
<Vector (0.6096, -0.1927, -1.5051)>
<Vector (-0.6381, -0.8308, -1.3639)>
<Vector (-0.8781, -0.1927, -1.3662)>
<Vector (0.8781, -0.1927, -1.3662)>
<Vector (-0.7686, -0.9804, 0.1737)>
<Vector (-0.5459, -0.6121, 0.6082)>
<Vector (-0.0860, -1.2025, 0.1716)>
<Vector (0.1398, -0.7689, 0.6092)>
<Vector (3.1418, -0.5840, 0.2288)>
<Vector (2.9762, -0.9523, -0.2058)>
<Vector (3.1838, -0.3599, -0.2004)>
<Vector (3.2705, -0.1407, 0.2500)>
<Vector (2.5414, -1.1044, -0.4354)>
<Vector (2.5282, -1.1276, -0.6127)>
<Vector (2.7782, -0.4609, -0.6127)>
<Vector (2.7861, -0.4470, -0.4347)>
<Vector (-1.7027, 0.3151, -0.1222)>
<Vector (-1.4951, 0.9075, -0.1168)>
<Vector (-1.5137, 0.8750, -0.4025)>
<Vector (-1.7584, 0.2176, -0.4032)>
<Vector (-1.4867, 0.6785, 1.0752)>
<Vector (-1.5254, 0.9190, 1.0227)>
<Vector (-1.7492, 0.9072, 0.6882)>
<Vector (-1.8737, 0.4711, 0.6806)>

Edges:
(5, 16)
(16, 7)
(1, 17)
(17, 5)
(12, 18)
(18, 1)
(9, 19)
(19, 6)
(13, 20)
(20, 3)
(14, 21)
(21, 5)
(2, 22)
(22, 6)
(0, 23)
(23, 2)
(7, 24)
(24, 3)
(6, 25)
(25, 4)
(4, 26)
(26, 0)
(3, 27)
(27, 1)
(0, 28)
(28, 8)
(15, 29)
(29, 9)
(2, 30)
(30, 10)
(4, 31)
(31, 11)
(11, 32)
(32, 8)
(8, 33)
(33, 10)
(9, 34)
(34, 11)
(10, 35)
(35, 9)
(8, 36)
(36, 12)
(10, 37)
(37, 13)
(11, 38)
(38, 14)
(7, 39)
(39, 15)
(13, 40)
(40, 15)
(15, 41)
(41, 14)
(12, 42)
(42, 13)
(14, 43)
(43, 12)
(26, 44)
(25, 44)
(22, 44)
(23, 44)
(30, 45)
(22, 45)
(19, 45)
(35, 45)
(19, 46)
(25, 46)
(31, 46)
(34, 46)
(17, 47)
(27, 47)
(24, 47)
(16, 47)
(28, 48)
(23, 48)
(30, 48)
(33, 48)
(31, 49)
(26, 49)
(28, 49)
(32, 49)
(38, 50)
(32, 50)
(36, 50)
(43, 50)
(36, 51)
(33, 51)
(37, 51)
(42, 51)
(29, 52)
(34, 52)
(38, 52)
(41, 52)
(37, 53)
(35, 53)
(29, 53)
(40, 53)
(20, 54)
(40, 54)
(39, 54)
(24, 54)
(39, 55)
(41, 55)
(21, 55)
(16, 55)
(18, 56)
(42, 56)
(20, 56)
(27, 56)
(21, 57)
(43, 57)
(18, 57)
(17, 57)
(58, 59)
(60, 61)
(61, 62)
(59, 63)
(63, 64)
(58, 64)
(60, 65)
(62, 65)
(16, 58)
(64, 55)
(39, 63)
(59, 7)
(27, 62)
(61, 3)
(60, 20)
(65, 56)
(66, 67)
(68, 66)
(67, 69)
(68, 69)
(19, 67)
(69, 45)
(68, 35)
(9, 66)
(70, 71)
(72, 71)
(70, 73)
(72, 73)
(33, 72)
(71, 10)
(48, 73)
(70, 30)
(74, 75)
(76, 75)
(74, 77)
(76, 77)
(13, 75)
(74, 37)
(51, 77)
(76, 42)
(78, 79)
(79, 80)
(78, 81)
(80, 81)
(11, 79)
(78, 34)
(52, 81)
(80, 38)
(82, 83)
(83, 84)
(82, 85)
(84, 85)
(25, 82)
(85, 46)
(4, 83)
(31, 84)

Faces:
(0, 26, 44, 23)
(26, 4, 25, 44)
(44, 25, 6, 22)
(23, 44, 22, 2)
(10, 30, 45, 35)
(30, 2, 22, 45)
(45, 22, 6, 19)
(45, 19, 67, 69)
(9, 19, 46, 34)
(19, 6, 25, 46)
(46, 25, 82, 85)
(34, 46, 31, 11)
(5, 17, 47, 16)
(17, 1, 27, 47)
(47, 27, 3, 24)
(16, 47, 24, 7)
(8, 28, 48, 33)
(28, 0, 23, 48)
(48, 23, 2, 30)
(10, 33, 72, 71)
(11, 31, 49, 32)
(31, 4, 26, 49)
(49, 26, 0, 28)
(32, 49, 28, 8)
(14, 38, 50, 43)
(38, 11, 32, 50)
(50, 32, 8, 36)
(43, 50, 36, 12)
(12, 36, 51, 42)
(36, 8, 33, 51)
(51, 33, 10, 37)
(37, 13, 75, 74)
(15, 29, 52, 41)
(29, 9, 34, 52)
(34, 11, 79, 78)
(41, 52, 38, 14)
(13, 37, 53, 40)
(37, 10, 35, 53)
(53, 35, 9, 29)
(40, 53, 29, 15)
(3, 20, 54, 24)
(20, 13, 40, 54)
(54, 40, 15, 39)
(24, 54, 39, 7)
(7, 39, 63, 59)
(39, 15, 41, 55)
(55, 41, 14, 21)
(16, 55, 21, 5)
(1, 18, 56, 27)
(18, 12, 42, 56)
(56, 42, 13, 20)
(55, 16, 58, 64)
(5, 21, 57, 17)
(21, 14, 43, 57)
(57, 43, 12, 18)
(17, 57, 18, 1)
(59, 63, 64, 58)
(62, 65, 60, 61)
(3, 27, 62, 61)
(20, 3, 61, 60)
(56, 20, 60, 65)
(39, 55, 64, 63)
(16, 7, 59, 58)
(27, 56, 65, 62)
(68, 69, 67, 66)
(35, 45, 69, 68)
(19, 9, 66, 67)
(9, 35, 68, 66)
(72, 73, 70, 71)
(33, 48, 73, 72)
(30, 10, 71, 70)
(48, 30, 70, 73)
(76, 77, 74, 75)
(42, 51, 77, 76)
(13, 42, 76, 75)
(51, 37, 74, 77)
(81, 78, 79, 80)
(38, 52, 81, 80)
(11, 38, 80, 79)
(52, 34, 78, 81)
(85, 82, 83, 84)
(25, 4, 83, 82)
(4, 31, 84, 83)
(31, 46, 85, 84)

















